 BASE MNB - EMOTION

Confusion Matrix: 
[[ 976    9    2    8   43    4    1    8    1    3    3    0    1    1
     0   51    0    9   34    0  944   10    0    4    0    0    1    8]
 [  49  347    4   15   16    0    1    1    1    0    4    0    0    2
     0   10    0   17    9    0  714    3    0    1    0    0    0    6]
 [  12    6  123   69    4    2    3    4    0    4   12    5    0    1
     0    3    0    0    1    0  753    2    0    0    0    1    2    2]
 [  21   17   46  121   37    3    3    6    0    6   39    9    0    2
     0   10    0    2    5    0 1315    3    0    4    0    1    5    8]
 [ 135   19    3   17  204   10    8   11    1    4   30    2    0    1
     0   18    0    6   10    0 1860   11    0   12    0    0    4    0]
 [  20    1    2   13   13   43    0    0    0    3    5    1    0    0
     0   13    0    6    4    0  561   19    0    0    0    1    3    0]
 [   9    5    1   11   14    0   55   34    0    3   14    0    0    0
     0    3    0    1    0    0  810    1    0    2    0    0    0    1]
 [  20    4    4   14   17    4   19  121    1    1    9    0    0    1
     0    7    0    0    4    0  940    5    0    1    0    1    0    2]
 [  11    2    1    6    4    0    0    2   14    2    1    1    0    1
     0    2    0    0    4    0  349   15    0    0    0    0    0    1]
 [  16    5    6   26   18    2    4    1    2   32   18    7    0    0
     0    3    0    2    3    0  796    3    0    4    0    0    6    3]
 [  19   18    8   36   36    2    9    4    0    4  120    7    0    1
     2   11    0    2    5    0 1236    4    0    6    0    1    6    5]
 [  12    1   19   34   18    0    0    0    0    3   13   48    0    0
     2    0    0    1    2    0  425    2    0    2    0    0    2    0]
 [   1    3    2   15    6    1    1    1    0    0    5    2    3    0
     0    1    0    1    0    0  250    1    0    2    0    0    3    1]
 [  57    4    3    2   14    0    0    4    2    3    1    0    0   17
     1    7    0   36    4    0  404    7    0    3    0    0    0    3]
 [   6    6    0   10    7    2    2    0    0    1    3    3    1    0
    14    0    0    1    1    0  306    2    0    4    0    0    2    1]
 [  83    3    0    1   15    5    1    0    0    0    1    0    0    0
     0  926    0   20    4    0  319   15    0    1    0    2    0    0]
 [   1    1    0    1    0    0    0    0    0    0    1    0    0    0
     0    1    0    0    0    0   70    0    0    0    0    0    1    0]
 [  55   50    2    0   19    1    0    1    0    1    0    0    0    5
     0   35    0  111   25    0  531    3    0    4    0    0    3    4]
 [  79    7    0    2   16    2    0    2    0    1    0    0    0    0
     0    7    0    8  355    0  551    2    0    1    0    1    3    0]
 [   1    0    0    2    8    1    1    0    0    0    2    1    0    0
     2    1    0    0    0    1  128    0    0    1    0    0    1    0]
 [ 322   96   86  133  286   44   56   91    8   42  158   18    1   26
    11   75    1   55   76    0 9267   36    2   44    2    5   21   23]
 [  25    5    0    6   22    4    3    3    4    4    4    0    0    1
     0   16    0    5    5    0  651  122    0    2    0    0    2    0]
 [  25    0    1    1    4    0    0    0    0    1    0    0    1    2
     0    1    0    1    0    0   88    1    0    2    0    0    0    0]
 [  15    8    4   13   23    0    1    4    0    3   12    1    0    1
     0    4    0    4    2    0  801    4    0   39    0    1    0    3]
 [   8    1    0    3    5    1    2    0    0    2    1    0    0    1
     0    9    0    2    0    0  114    0    0    0    0    0    0    0]
 [   1    2    0    6    3    0    0    1    0    2    3    0    0    0
     0   11    0    0    2    0  232    0    0    6    0   14   27    0]
 [   7    5    1   13    6    1    2    0    1   14   11    1    0    0
     0   11    0    3    0    0  652    4    0    2    0    8   55    0]
 [  52    7   11   10    9    3    2   10    0    2    3    0    0    7
     1    6    0    5    3    0  519    0    0    6    0    0    1   54]]

CLassification Report: 
                precision    recall  f1-score   support

    admiration       0.48      0.46      0.47      2121
     amusement       0.55      0.29      0.38      1200
         anger       0.37      0.12      0.18      1009
     annoyance       0.21      0.07      0.11      1663
      approval       0.24      0.09      0.13      2366
        caring       0.32      0.06      0.10       708
     confusion       0.32      0.06      0.10       964
     curiosity       0.39      0.10      0.16      1175
        desire       0.40      0.03      0.06       416
disappointment       0.23      0.03      0.06       957
   disapproval       0.25      0.08      0.12      1542
       disgust       0.45      0.08      0.14       584
 embarrassment       0.43      0.01      0.02       299
    excitement       0.24      0.03      0.05       572
          fear       0.42      0.04      0.07       372
     gratitude       0.75      0.66      0.70      1396
         grief       0.00      0.00      0.00        76
           joy       0.37      0.13      0.19       850
          love       0.64      0.34      0.45      1037
   nervousness       1.00      0.01      0.01       150
       neutral       0.36      0.84      0.51     10985
      optimism       0.44      0.14      0.21       884
         pride       0.00      0.00      0.00       128
   realization       0.25      0.04      0.07       943
        relief       0.00      0.00      0.00       149
       remorse       0.39      0.05      0.08       310
       sadness       0.37      0.07      0.12       797
      surprise       0.43      0.08      0.13       711

      accuracy                           0.38     34364
     macro avg       0.37      0.14      0.16     34364
  weighted avg       0.38      0.38      0.31     34364



 BASE MNB - SENTIMENT

Confusion Matrix: 
[[ 892  669 1374  858]
 [ 306 4163 2075 1215]
 [ 648 1837 5509 2991]
 [ 312  967 2317 8231]]

CLassification Report: 
              precision    recall  f1-score   support

   ambiguous       0.41      0.24      0.30      3793
    negative       0.55      0.54      0.54      7759
     neutral       0.49      0.50      0.49     10985
    positive       0.62      0.70      0.66     11827

    accuracy                           0.55     34364
   macro avg       0.52      0.49      0.50     34364
weighted avg       0.54      0.55      0.54     34364



 BASE DT - EMOTION

Confusion Matrix: 
[[1213   45   16   34  133   22   12   28   16   15   18    4    4   43
     4   58    0   52   80    2  251   22    7    9    0    0    6   27]
 [  59  686   11   49   37    6   13   12    8   12   14    5    3   21
     2    8    3   62    9    2  149    9    0    8    1    0    1   10]
 [  21   23  367  152   29   12   23   25    6   24   37   31    6    6
     8    7    0    4    1    3  199    5    1    7    0    1    4    7]
 [  48   68  219  382  111   21   38   48    6   69   85   45   18   11
    13    6    2    8    9    5  396    6    0   11    0    7   19   12]
 [ 202   63   65  149  610   73   48   43   28   34   79   27   11   33
    14   20    1   36   31    5  698   30    2   33   11    4    6   10]
 [  30   18   22   43   77  180    9   10   11   19   27    0    1   11
     3   16    1   18   12    3  156   21    1    1    2    4   10    2]
 [  24   22   23   71   52   10  279  129    1   15   33    5    6    1
     2    3    0    1    6    2  258    3    1    5    1    3    2    6]
 [  45   15   42   65   44   18  166  409    8   10   18    3    4   13
     4    2    0    3    9    1  268    4    0    5    1    5    2   11]
 [  13   12    5   25   51   15    5    8   95    9   11    2    2    9
     1    4    0    4    6    1  104   31    0    2    0    0    0    1]
 [  33   23   52  113   61   20   26   25   12  161   83   12   10    4
     9    4    1    4    6    6  209    4    0   16    4   10   35   14]
 [  36   45  101  201  109   30   58   16   10   86  350   25    8    9
     9    9    3    9    5    2  356   12    0   18    1    3   23    8]
 [  15   16   78  100   25    2    8    6    1   29   27  134    8    2
     8    1    2    2    2    1   99    4    0    3    1    1    7    2]
 [   6   13   19   38   13    3   10    7    6   15   23   13   57    0
     1    1    0    0    0    2   50    3    0    2    0    7    4    6]
 [  77   24   10   23   45    6   10   26   12    9    4    1    0  122
     3    5    0   28   13    1  112    8    1    2    1    0    2   27]
 [   5   10   17   29   21   12    8    3    1   18   12   18    5    0
   139    1    1    4    1    5   46    4    0    5    1    0    6    0]
 [ 119   11    5   24   33   13    5    8    7    6    3    0    1   14
     0 1014    1   21    8    0   52   18    2    1    5   17    6    2]
 [   6    2    5    5    1    1    2    0    2    4    1    2    0    0
     1    0    9    3    0    1   16    2    0    1    0    6    6    0]
 [ 105  113    7   20   60   14    3    7   14    7    5    0    0   56
     2   26    0  200   52    0  128    7    4    4    7    0    3    6]
 [ 146   20    5   16   63   21    4   10   19   13   11    2    3   11
     2   11    2   44  536    0   84    1    0    5    1    3    4    0]
 [   2    2    4    8   13   14    2    2    3   19    5    4    4    1
    12    1    1    2    0   12   30    0    0    0    0    1    8    0]
 [ 535  340  396  684 1072  250  389  389  126  292  504  113   75  149
    69   81   18  153  125   32 4764  104    6  126   14   31   71   77]
 [  62   19   14   44  103   49   14   13   41   15   15    4    4   14
     3   23    1   18    9    1  228  170    2    7    1    2    5    3]
 [  24    2    3    6   13    3    1    2    0    7    0    0    1    4
     0    2    0    1    0    0   47    4    6    1    0    0    1    0]
 [  41   36   36   72  120   19   36   17   14   34   45    7    9    6
     9    7    2   10    8    1  298   13    2   69    2   10    8   12]
 [  15    3    5    8   13    9    4    3    4    4    2    0    0    0
     0   10    0   12    1    1   39    1    1    1   12    0    0    1]
 [   7    7    7   18   16   12    7    2    3   19   10    5   10    1
     0   17    2    1    1    0   35    0    1    8    0   98   23    0]
 [  17   16   25   66   40   17   12    8    9   85   39   13   10    7
    13    6    7    7    2    5  180    2    0   10    1   50  146    4]
 [  58   18   30   39   43    7   30   38    5   21   18    9    8   37
     8    6    2   13    3    4  153    2    0   17    1    1    3  137]]

CLassification Report: 
                precision    recall  f1-score   support

    admiration       0.41      0.57      0.48      2121
     amusement       0.41      0.57      0.48      1200
         anger       0.23      0.36      0.28      1009
     annoyance       0.15      0.23      0.18      1663
      approval       0.20      0.26      0.23      2366
        caring       0.21      0.25      0.23       708
     confusion       0.23      0.29      0.26       964
     curiosity       0.32      0.35      0.33      1175
        desire       0.20      0.23      0.21       416
disappointment       0.15      0.17      0.16       957
   disapproval       0.24      0.23      0.23      1542
       disgust       0.28      0.23      0.25       584
 embarrassment       0.21      0.19      0.20       299
    excitement       0.21      0.21      0.21       572
          fear       0.41      0.37      0.39       372
     gratitude       0.75      0.73      0.74      1396
         grief       0.15      0.12      0.13        76
           joy       0.28      0.24      0.25       850
          love       0.57      0.52      0.54      1037
   nervousness       0.12      0.08      0.10       150
       neutral       0.51      0.43      0.47     10985
      optimism       0.35      0.19      0.25       884
         pride       0.16      0.05      0.07       128
   realization       0.18      0.07      0.10       943
        relief       0.18      0.08      0.11       149
       remorse       0.37      0.32      0.34       310
       sadness       0.36      0.18      0.24       797
      surprise       0.36      0.19      0.25       711

      accuracy                           0.36     34364
     macro avg       0.29      0.28      0.28     34364
  weighted avg       0.37      0.36      0.36     34364



 BASE DT - SENTIMENT

Confusion Matrix: 
[[1814  624  896  459]
 [ 827 4695 1490  747]
 [1572 2477 5170 1766]
 [ 895 1344 2599 6989]]

CLassification Report: 
              precision    recall  f1-score   support

   ambiguous       0.36      0.48      0.41      3793
    negative       0.51      0.61      0.56      7759
     neutral       0.51      0.47      0.49     10985
    positive       0.70      0.59      0.64     11827

    accuracy                           0.54     34364
   macro avg       0.52      0.54      0.52     34364
weighted avg       0.56      0.54      0.55     34364



 BASE MLP - EMOTION

Confusion Matrix: 
[[1003   27    5    3   24   10    1    8    8    1    5    2    0    6
     0   40    0   37   82    0  804   12    0    1    0    2    5   35]
 [  38  716    3    5    5    0    3    1    3    0    2    1    1    1
     0    5    0   32   10    0  359    4    0    0    0    1    2    8]
 [   9   12  245   36    1    0    2    1    2    1    8   14    0    1
     2    3    0    7    4    0  648    3    0    0    0    2    6    2]
 [  20   41   91   69   10    9    5    6    3    1   25   18    1    1
     6   14    0    6   14    0 1280   10    0    1    0   10    8   14]
 [ 131   34   13   11  154   24    7    4    5    2   26    6    0    3
     4   15    0   24   28    0 1827   22    0    2    0    4    5   15]
 [  22   10    5    7    5   59    0    1    7    2    5    1    0    0
     3    9    0   23   13    0  488   29    0    0    0    8    8    3]
 [  13   17    9    9    6    2   87   22    1    0    9    0    0    0
     3    4    0    5    6    0  755    1    0    1    0    4    2    8]
 [  17   10   15    0    5    3   14  130    1    1    5    1    1    4
     2    2    0    2    9    0  923    5    0    0    0    5    1   19]
 [   7    8    0    1    3    3    0    1   86    0    2    0    0    1
     2    3    0    2    9    0  255   30    0    0    0    0    1    2]
 [   9   12   17    9    9    4    4    3    9   26   11    7    0    1
     2    2    0    2   10    0  765    5    0    1    0   15   25    9]
 [  18   26   28   25   24    8   12    2    6    6   88   11    0    0
     6   13    0    5   11    0 1212   10    0    2    0   11   11    7]
 [   5    3   43   25    4    0    1    2    2    5    8   92    0    0
     3    0    0    2    2    0  371    2    0    1    0    4    5    4]
 [   1    6    5   11    1    4    2    2    1    4    2    7    4    0
     1    0    0    1    2    0  230    1    0    0    0    6    5    3]
 [  53    8    5    1    4    2    0    6    2    2    0    0    0   48
     1    8    0   37   14    0  345   12    0    1    0    0    1   22]
 [   2    8    3    4    2    4    2    0    0    1    0    4    0    0
    92    0    0    2    1    0  239    3    0    1    0    2    1    1]
 [  86   10    1    0    6    3    1    0    3    0    1    0    0    0
     0 1058    0   33   12    0  134   16    0    0    0   26    4    2]
 [   2    1    1    0    0    0    1    0    0    0    0    0    0    0
     0    0    0    2    1    0   58    0    0    0    0    5    5    0]
 [  43   94    3    1    7    3    0    2    5    1    1    0    0    4
     1   29    0  238   54    0  346    5    0    0    0    0    3   10]
 [  42   11    3    1    8    1    0    0    2    0    3    0    0    0
     0    7    0   17  653    0  279    1    0    1    0    4    4    0]
 [   0    1    2    3    4    3    1    0    0    0    1    1    0    0
     4    1    0    1    2    0  118    1    0    0    0    0    7    0]
 [ 215  217  115   52   96   42   56   64   48   24   79   26    0    9
    24   62    0   80  132    0 9447   59    0    8    0   34   44   52]
 [  30   12    7    2   13   14    2    0   19    4    3    0    0    2
     1   17    0   13   11    0  479  244    0    0    0    4    3    4]
 [  19    3    2    0    0    0    0    0    1    1    0    0    0    0
     0    2    0    2    3    0   94    1    0    0    0    0    0    0]
 [  19   17    8   10   12    5    6    1    1    4   15    1    0    0
     4    3    0    4    4    0  759    8    0   26    0   12    6   18]
 [   7    1    1    0    1    2    1    0    1    0    0    0    0    0
     1   14    0   12    2    0  106    0    0    0    0    0    0    0]
 [   2    5    0    0    2    0    0    0    2    1    4    1    0    0
     1    1    0    1    1    0  118    0    0    1    0  163    7    0]
 [   5    8    6    6    4    5    1    0    7    6    4    2    0    1
     2    3    0    6    5    0  497    5    0    0    0   75  146    3]
 [  31    7   13    2    2    0    4    7    2    2    3    1    0    9
     0    3    0    8    4    0  443    2    0    1    0    2    1  164]]

CLassification Report: 
                precision    recall  f1-score   support

    admiration       0.54      0.47      0.51      2121
     amusement       0.54      0.60      0.57      1200
         anger       0.38      0.24      0.30      1009
     annoyance       0.24      0.04      0.07      1663
      approval       0.37      0.07      0.11      2366
        caring       0.28      0.08      0.13       708
     confusion       0.41      0.09      0.15       964
     curiosity       0.49      0.11      0.18      1175
        desire       0.38      0.21      0.27       416
disappointment       0.27      0.03      0.05       957
   disapproval       0.28      0.06      0.10      1542
       disgust       0.47      0.16      0.24       584
 embarrassment       0.57      0.01      0.03       299
    excitement       0.53      0.08      0.14       572
          fear       0.56      0.25      0.34       372
     gratitude       0.80      0.76      0.78      1396
         grief       0.00      0.00      0.00        76
           joy       0.39      0.28      0.33       850
          love       0.59      0.63      0.61      1037
   nervousness       0.00      0.00      0.00       150
       neutral       0.40      0.86      0.55     10985
      optimism       0.50      0.28      0.35       884
         pride       0.00      0.00      0.00       128
   realization       0.54      0.03      0.05       943
        relief       0.00      0.00      0.00       149
       remorse       0.41      0.53      0.46       310
       sadness       0.46      0.18      0.26       797
      surprise       0.40      0.23      0.29       711

      accuracy                           0.44     34364
     macro avg       0.39      0.22      0.24     34364
  weighted avg       0.43      0.44      0.36     34364



 BASE MLP - SENTIMENT

Confusion Matrix: 
[[ 831  531 1867  564]
 [ 229 3972 2737  821]
 [ 492 1560 6959 1974]
 [ 270  892 3001 7664]]

CLassification Report: 
              precision    recall  f1-score   support

   ambiguous       0.46      0.22      0.30      3793
    negative       0.57      0.51      0.54      7759
     neutral       0.48      0.63      0.54     10985
    positive       0.70      0.65      0.67     11827

    accuracy                           0.57     34364
   macro avg       0.55      0.50      0.51     34364
weighted avg       0.57      0.57      0.56     34364



 TOP MNB - EMOTION

Confusion Matrix: 
[[1084   18    5   19   56   14    2   13    3    5    8    0    1   11
     0   73    0   24   61    0  677   13    0    9    0    0    2   23]
 [  49  535    7   24   13    1    3    4    1    1    6    1    0    3
     1    9    0   35   12    0  473    7    0    5    0    0    2    8]
 [  15   10  194  104   14    5    9    5    1    9   23    8    0    5
     2    5    0    1    4    0  574    5    1    6    0    1    6    2]
 [  21   32   93  197   47   17    8   17    2   19   75   28    1    5
     1   16    0    4    7    0 1019    5    0   10    0    1   18   20]
 [ 156   32   12   35  296   38   24   22    7   13   63    8    2    9
     3   32    0   21   18    0 1501   26    0   25    0    3   12    8]
 [  19    2    4   15   25  113    2    3    2    5   12    2    0    0
     2   17    0    9    7    0  428   31    0    1    0    2    7    0]
 [  13   12    6   23   18    2  114   54    1    5   24    0    0    0
     0    6    0    1    3    0  662    5    0    5    0    0    3    7]
 [  24    5   13   14   31    8   39  194    1    3   13    1    1    9
     0   10    0    1    7    0  781    7    0    3    0    1    2    7]
 [  10    7    0    8   12    6    0    3   40    2    5    2    0    3
     1    2    0    1    6    0  272   33    0    2    0    0    0    1]
 [  26   10   14   42   25    9   13    4    3   82   31    8    1    1
     1    4    0    4    6    0  617    4    1    9    0    5   30    7]
 [  27   23   24   60   61    9   31    9    0   19  191   11    1    4
     3   17    0    2    6    1  985   10    1   18    0    2   17   10]
 [  11    2   37   52   16    0    4    4    1   10   26  102    2    1
     5    0    0    3    4    0  287    3    0    5    0    1    7    1]
 [   3    5    2   18    7    3    6    4    0    8    8    4   18    0
     1    3    0    2    1    0  191    1    0    4    0    2    5    3]
 [  69    9    4    7   19    3    4   10    2    4    3    0    0   44
     2   12    0   41   11    0  301   11    0    6    0    0    1    9]
 [  11    7    4   11   12    4    4    3    0    4    6   11    1    0
    40    0    0    1    1    1  235    3    0    8    0    0    4    1]
 [  89    6    1    3   21    8    1    3    0    0    2    0    0    2
     0 1022    0   29    6    0  176   17    0    1    0    6    2    1]
 [   1    1    0    2    0    1    0    0    0    2    2    3    0    0
     0    3    0    1    0    1   51    0    0    3    0    1    4    0]
 [  68   79    2    3   24    2    1    3    5    3    3    0    0   13
     0   43    0  176   42    0  355    7    1    7    0    0    6    7]
 [  98   11    0    7   22    5    2    5    0    4    4    0    0    0
     0   11    0   13  479    0  363    5    0    3    0    1    3    1]
 [   1    1    0    4   15    6    1    0    0    6    4    1    0    0
     3    1    0    0    1    3   94    0    0    2    0    1    5    1]
 [ 364  160  163  239  418  114  136  191   29  107  280   56    4   63
    29  107    2  103  109    4 7940  100    4  125    3   10   58   67]
 [  37   10    4    6   32   21    4    5    8    7   11    1    0    3
     2   29    0    7    8    0  477  194    0    7    0    1    4    6]
 [  30    1    4    1    5    2    1    2    0    2    0    1    1    2
     0    1    0    1    0    0   69    1    1    2    0    0    1    0]
 [  20   16    7   18   40    6   11    6    0   14   26    4    2    2
     2    8    0   10    6    0  644   10    0   70    0    5    6   10]
 [   8    1    1    4    7    5    2    0    1    1    2    0    0    1
     0   12    0    4    0    0   95    0    0    1    4    0    0    0]
 [   2    3    0    2    6    4    0    5    1    4    8    1    1    0
     0   20    0    0    2    0  156    0    0    9    0   55   31    0]
 [  10   11    4   22   14   13    4    0    3   40   23    5    0    1
     0   16    0    4    1    0  471    4    0    6    0   19  122    4]
 [  50   14   12   13   19    5   14   14    1    4   10    2    0   17
     2    7    0   10    3    0  387    1    0    4    0    0    1  121]]

CLassification Report: 
                precision    recall  f1-score   support

    admiration       0.47      0.51      0.49      2121
     amusement       0.52      0.45      0.48      1200
         anger       0.31      0.19      0.24      1009
     annoyance       0.21      0.12      0.15      1663
      approval       0.23      0.13      0.16      2366
        caring       0.27      0.16      0.20       708
     confusion       0.26      0.12      0.16       964
     curiosity       0.33      0.17      0.22      1175
        desire       0.36      0.10      0.15       416
disappointment       0.21      0.09      0.12       957
   disapproval       0.22      0.12      0.16      1542
       disgust       0.39      0.17      0.24       584
 embarrassment       0.50      0.06      0.11       299
    excitement       0.22      0.08      0.11       572
          fear       0.40      0.11      0.17       372
     gratitude       0.69      0.73      0.71      1396
         grief       0.00      0.00      0.00        76
           joy       0.35      0.21      0.26       850
          love       0.59      0.46      0.52      1037
   nervousness       0.30      0.02      0.04       150
       neutral       0.39      0.72      0.51     10985
      optimism       0.39      0.22      0.28       884
         pride       0.11      0.01      0.01       128
   realization       0.20      0.07      0.11       943
        relief       0.57      0.03      0.05       149
       remorse       0.47      0.18      0.26       310
       sadness       0.34      0.15      0.21       797
      surprise       0.37      0.17      0.23       711

      accuracy                           0.39     34364
     macro avg       0.35      0.20      0.23     34364
  weighted avg       0.36      0.39      0.35     34364



 TOP MNB - SENTIMENT

Confusion Matrix: 
[[ 892  669 1374  858]
 [ 306 4163 2075 1215]
 [ 648 1837 5509 2991]
 [ 312  967 2317 8231]]

CLassification Report: 
              precision    recall  f1-score   support

   ambiguous       0.41      0.24      0.30      3793
    negative       0.55      0.54      0.54      7759
     neutral       0.49      0.50      0.49     10985
    positive       0.62      0.70      0.66     11827

    accuracy                           0.55     34364
   macro avg       0.52      0.49      0.50     34364
weighted avg       0.54      0.55      0.54     34364



 TOP DT - EMOTION

Confusion Matrix: 
[[  649    13     0     0     1     0     0     0     0     0     0     0
      0     0     0    12     0     0    76     0  1354    14     0     0
      0     2     0     0]
 [   38   403     0     0     0     0     0     0     0     0     0     0
      0     0     0     7     0     1    11     0   734     3     0     2
      0     1     0     0]
 [   19     4     0     0     0     0     0     0     0     0     0     0
      0     0     0     3     0     0     4     0   973     3     0     0
      0     3     0     0]
 [   36    16     0     1     0     0     0     0     0     0     1     0
      0     0     0     9     0     0    13     0  1571     6     0     0
      0    10     0     0]
 [  118    14     0     1     0     0     0     0     1     0     0     0
      0     0     0     7     0     0    23     0  2176    22     0     0
      0     4     0     0]
 [   33     2     0     0     1     1     0     0     0     0     0     0
      0     0     0     2     0     0    18     0   615    30     0     0
      0     6     0     0]
 [   16    12     0     0     0     0     0     0     0     0     0     0
      0     0     0     3     0     0    12     0   917     1     0     0
      0     3     0     0]
 [   19     7     0     0     0     0     0     0     0     0     0     0
      0     0     0     2     0     0    11     0  1126     5     0     0
      0     5     0     0]
 [   16     6     0     0     0     0     0     0     0     0     0     0
      0     0     0     1     0     0     9     0   356    28     0     0
      0     0     0     0]
 [   30     7     0     0     0     0     0     0     0     0     0     0
      0     0     0     2     0     0     7     0   892     3     0     0
      0    16     0     0]
 [   56    14     0     0     0     0     0     0     0     0     2     0
      0     0     0     7     0     0    10     0  1430    11     0     0
      0    12     0     0]
 [    2     3     0     0     0     0     0     0     0     0     0     0
      0     0     0     0     0     0     1     0   571     4     0     0
      0     3     0     0]
 [    5     1     0     0     0     0     0     0     0     0     0     0
      0     0     0     0     0     0     3     0   283     1     0     0
      0     6     0     0]
 [   35     2     0     0     1     0     0     0     0     0     0     0
      0     0     0     1     0     1     9     0   518     5     0     0
      0     0     0     0]
 [    7     5     0     0     0     0     0     0     0     0     0     0
      0     0     0     0     0     0     3     0   353     2     0     0
      0     2     0     0]
 [   60     6     1     1     0     1     0     1     1     0     5     0
      0     0     0   977     0     1    11     0   274    28     0     0
      0    29     0     0]
 [    7     0     0     0     0     0     0     0     0     0     0     0
      0     0     0     0     0     0     1     0    64     0     0     0
      0     4     0     0]
 [   59    23     0     0     0     0     0     0     0     0     1     0
      0     0     0    10     0     3    46     0   700     8     0     0
      0     0     0     0]
 [   16     6     0     0     1     0     0     0     0     0     0     0
      0     0     0     7     0     0   628     0   375     1     0     0
      0     3     0     0]
 [    3     0     0     0     0     0     0     0     0     0     0     0
      0     0     0     1     0     0     2     0   144     0     0     0
      0     0     0     0]
 [  233   120     0     0     2     1     0     0     0     1     1     0
      0     0     0    45     0     1   123     0 10369    55     0     0
      0    34     0     0]
 [   42     6     0     0     0     2     0     0     0     2     0     0
      0     0     0     4     0     0    12     0   595   218     0     0
      0     3     0     0]
 [    9     1     0     0     0     0     0     0     0     0     0     0
      0     0     0     0     0     0     2     0   115     1     0     0
      0     0     0     0]
 [   26     6     0     0     0     0     0     0     0     0     0     0
      0     0     0     3     0     0     4     0   889     4     0     0
      0    11     0     0]
 [   14     1     0     0     0     0     0     0     1     0     0     0
      0     0     0     8     0     0     0     0   124     0     0     0
      1     0     0     0]
 [    5     3     0     0     0     0     0     0     0     0     0     0
      0     0     0     1     0     0     0     0   135     0     0     0
      0   165     1     0]
 [   12     9     0     0     0     0     0     0     0     1     0     0
      0     0     0     2     0     0     4     1   689     5     0     0
      0    73     1     0]
 [   21     3     0     0     0     0     0     0     0     0     0     0
      0     0     0     4     0     0     3     0   678     0     0     0
      0     2     0     0]]

CLassification Report: 
                precision    recall  f1-score   support

    admiration       0.41      0.31      0.35      2121
     amusement       0.58      0.34      0.43      1200
         anger       0.00      0.00      0.00      1009
     annoyance       0.33      0.00      0.00      1663
      approval       0.00      0.00      0.00      2366
        caring       0.20      0.00      0.00       708
     confusion       0.00      0.00      0.00       964
     curiosity       0.00      0.00      0.00      1175
        desire       0.00      0.00      0.00       416
disappointment       0.00      0.00      0.00       957
   disapproval       0.20      0.00      0.00      1542
       disgust       0.00      0.00      0.00       584
 embarrassment       0.00      0.00      0.00       299
    excitement       0.00      0.00      0.00       572
          fear       0.00      0.00      0.00       372
     gratitude       0.87      0.70      0.78      1396
         grief       0.00      0.00      0.00        76
           joy       0.43      0.00      0.01       850
          love       0.60      0.61      0.60      1037
   nervousness       0.00      0.00      0.00       150
       neutral       0.36      0.94      0.52     10985
      optimism       0.48      0.25      0.32       884
         pride       0.00      0.00      0.00       128
   realization       0.00      0.00      0.00       943
        relief       1.00      0.01      0.01       149
       remorse       0.42      0.53      0.47       310
       sadness       0.50      0.00      0.00       797
      surprise       0.00      0.00      0.00       711

      accuracy                           0.39     34364
     macro avg       0.23      0.13      0.12     34364
  weighted avg       0.29      0.39      0.27     34364



 TOP DT - SENTIMENT

Confusion Matrix: 
[[    6    25  3611   151]
 [    4   333  7074   348]
 [    3    51 10303   628]
 [    8    91  7771  3957]]

CLassification Report: 
              precision    recall  f1-score   support

   ambiguous       0.29      0.00      0.00      3793
    negative       0.67      0.04      0.08      7759
     neutral       0.36      0.94      0.52     10985
    positive       0.78      0.33      0.47     11827

    accuracy                           0.42     34364
   macro avg       0.52      0.33      0.27     34364
weighted avg       0.56      0.42      0.35     34364



 TOP MLP - EMOTION

Confusion Matrix: 
[[1055   28    3    1    6    4    1    7    5    1    1    1    0    3
     0   50    0   29   74    0  803   16    0    0    0    0    3   30]
 [  41  662    5    4    1    0    2    4    2    0    3    1    0    1
     0    6    0   24   13    0  422    1    0    0    0    0    2    6]
 [  12   13  256   13    1    0    2    6    0    2   11    9    0    0
     1    3    0    4    3    0  660    3    0    0    0    2    5    3]
 [  19   37   98   45    2    4    4    7    1    6   26   17    0    1
     4   15    0    3   10    0 1329    7    0    0    0    7    8   13]
 [ 144   25    9    8  101    9    7    5    3    2   26    3    0    2
     4   16    0   25   26    0 1907   22    0    0    0    2    7   13]
 [  23    5    4    2    2   33    2    1    2    0    8    1    0    0
     4   17    0   14   14    0  536   26    0    0    0    5    7    2]
 [  11   13    8    3    1    0   76   32    0    0   12    3    0    0
     0    4    0    4    6    0  777    0    0    0    0    3    2    9]
 [  26    9   17    1    3    1   17  118    1    0    3    2    1    1
     2    2    0    1    7    0  937    5    0    0    0    5    1   15]
 [   8    9    0    1    0    0    1    1   55    0    0    0    0    0
     2    4    0    3    7    0  287   33    0    0    0    0    1    4]
 [  10    8   18    4    3    5    3    4    2   19    9    9    0    1
     1    3    0    3    9    0  796    5    0    0    0    5   29   11]
 [  21   25   29    8   13    3   11    3    4    4   74   12    0    0
     3   13    0    3    9    0 1273   10    0    0    0    7    9    8]
 [   3    3   54    9    0    0    1    1    1    1    6   86    0    0
     3    0    0    1    2    0  401    1    0    0    0    1    5    5]
 [   2    6   19    3    0    3    2    3    1    1    3    8    5    0
     1    0    0    1    2    0  214    1    0    0    0    5   17    2]
 [  70   11    7    0    3    1    0    8    1    0    0    0    0   32
     0   11    0   37   14    0  349    9    0    0    0    0    0   19]
 [   1    9    5    2    1    2    2    1    0    1    1    6    0    0
    68    0    0    1    1    0  260    3    0    0    0    2    4    2]
 [  87    9    0    1    2    4    1    0    2    0    0    0    0    0
     0 1071    0   28    9    0  138   13    0    0    0   22    7    2]
 [   4    1    1    0    0    0    0    0    0    2    1    2    0    0
     0    0    0    1    1    0   58    0    0    0    0    4    1    0]
 [  58   99    2    1    4    1    0    2    4    1    0    0    0    1
     1   40    0  202   53    0  362    7    0    0    0    0    3    9]
 [  47   12    5    0    5    3    0    2    0    0    3    1    0    0
     0    7    0   12  638    0  293    3    0    0    0    2    4    0]
 [   1    0    3    1    2    1    0    0    0    1    3    0    0    0
     1    1    0    1    1    0  130    1    0    0    0    0    3    0]
 [ 275  175  116   30   45   23   44   71   29   18   77   24    0    6
    16   71    0   74  116    0 9603   62    0    2    0   23   47   38]
 [  36    8    3    3    8    9    1    1   10    2    4    1    0    1
     1   25    0   10    8    0  514  227    0    0    0    2    4    6]
 [  18    3    3    0    0    0    0    0    0    1    0    0    0    0
     0    3    0    1    2    0   96    1    0    0    0    0    0    0]
 [  16   17   14    3    2    1   10    1    2    3   11    1    0    1
     4    3    0    5    4    0  797    6    0    2    0   10    7   23]
 [   8    1    0    0    1    2    1    0    0    0    0    0    0    1
     1   15    0    8    0    0  111    0    0    0    0    0    0    0]
 [   1    8    1    1    0    0    0    0    2    0    3    1    1    0
     1    6    0    0    1    0  128    0    0    0    0  119   36    1]
 [   2   10   12    3    1    6    1    0    4    7    9    4    0    1
     2    9    0    5    4    0  514    5    0    0    0   52  143    3]
 [  52    7   13    1    2    0    2    8    1    1    3    0    0    3
     0    8    0    8    4    0  444    2    0    0    0    2    1  149]]

CLassification Report: 
                precision    recall  f1-score   support

    admiration       0.51      0.50      0.51      2121
     amusement       0.55      0.55      0.55      1200
         anger       0.36      0.25      0.30      1009
     annoyance       0.30      0.03      0.05      1663
      approval       0.48      0.04      0.08      2366
        caring       0.29      0.05      0.08       708
     confusion       0.40      0.08      0.13       964
     curiosity       0.41      0.10      0.16      1175
        desire       0.42      0.13      0.20       416
disappointment       0.26      0.02      0.04       957
   disapproval       0.25      0.05      0.08      1542
       disgust       0.45      0.15      0.22       584
 embarrassment       0.71      0.02      0.03       299
    excitement       0.58      0.06      0.10       572
          fear       0.57      0.18      0.28       372
     gratitude       0.76      0.77      0.77      1396
         grief       0.00      0.00      0.00        76
           joy       0.40      0.24      0.30       850
          love       0.61      0.62      0.61      1037
   nervousness       0.00      0.00      0.00       150
       neutral       0.40      0.87      0.55     10985
      optimism       0.48      0.26      0.34       884
         pride       0.00      0.00      0.00       128
   realization       0.50      0.00      0.00       943
        relief       0.00      0.00      0.00       149
       remorse       0.42      0.38      0.40       310
       sadness       0.40      0.18      0.25       797
      surprise       0.40      0.21      0.27       711

      accuracy                           0.43     34364
     macro avg       0.39      0.20      0.22     34364
  weighted avg       0.43      0.43      0.35     34364



